1	1.665335e-16	1.665335e-16	1.666667e-01
2	0.000000e+00	5.124106e-16	2.166667e-01
3	3.462577e-16	1.154192e-16	2.404762e-01
4	4.364683e-16	0.000000e+00	2.543651e-01
5	6.321111e-16	6.321111e-16	2.634560e-01
6	2.056988e-16	6.170963e-16	2.698662e-01
7	2.021321e-16	6.063962e-16	2.746281e-01
8	1.994618e-16	1.396233e-15	2.783046e-01
9	3.947760e-16	1.579104e-15	2.812286e-01
10	3.914618e-16	4.697542e-15	2.836095e-01
11	3.887528e-16	5.442540e-15	2.855858e-01
12	5.797459e-16	6.377205e-15	2.872525e-01
13	7.691801e-16	8.460981e-15	2.886770e-01
14	7.659126e-16	8.425039e-15	2.899085e-01
15	7.630824e-16	4.960035e-15	2.909838e-01
16	7.606071e-16	1.901518e-15	2.919308e-01
17	7.584239e-16	1.896060e-15	2.927711e-01
18	5.673630e-16	5.106267e-15	2.935219e-01
19	7.547490e-16	2.264247e-15	2.941966e-01
20	7.531879e-16	4.142534e-15	2.948064e-01
21	7.517759e-16	7.517759e-15	2.953601e-01
22	9.381158e-16	9.944027e-15	2.958651e-01
23	1.123982e-15	6.743891e-15	2.963277e-01
24	1.122371e-15	6.360105e-15	2.967528e-01
25	1.120890e-15	5.230821e-15	2.971450e-01
26	9.329359e-16	1.026230e-14	2.975078e-01
27	1.118258e-15	7.827803e-15	2.978445e-01
28	1.117083e-15	4.468330e-15	2.981578e-01
29	9.299906e-16	2.789972e-15	2.984501e-01
30	7.433120e-16	5.574840e-15	2.987233e-01
31	9.283444e-16	6.869749e-15	2.989793e-01
32	7.420789e-16	6.678710e-15	2.992197e-01
33	9.268981e-16	6.117527e-15	2.994458e-01
34	9.262388e-16	5.557433e-16	2.996589e-01
35	1.110741e-15	2.221482e-15	2.998602e-01
36	1.480049e-15	1.147038e-14	3.000504e-01
37	1.479160e-15	1.072391e-14	3.002306e-01
38	1.293529e-15	3.880587e-15	3.004015e-01
39	1.292831e-15	4.247872e-15	3.005638e-01
40	1.661358e-15	3.876502e-15	3.007181e-01
41	1.845052e-15	1.180833e-14	3.008650e-01
42	1.844193e-15	8.852128e-15	3.010051e-01
43	1.659037e-15	1.050724e-14	3.011387e-01
44	1.842593e-15	1.916297e-14	3.012664e-01
45	1.841847e-15	1.473478e-15	3.013885e-01
46	1.657020e-15	5.339286e-15	3.015054e-01
47	1.840449e-15	5.521348e-15	3.016174e-01
48	1.839794e-15	1.471836e-15	3.017247e-01
49	1.655250e-15	1.011541e-14	3.018278e-01
50	1.654707e-15	2.555603e-14	3.019268e-01
51	1.837984e-15	4.190603e-14	3.020220e-01
52	1.837426e-15	2.278409e-14	3.021136e-01
53	1.836890e-15	1.102134e-14	3.022018e-01
54	1.469099e-15	1.505827e-14	3.022867e-01
55	1.652289e-15	8.261446e-15	3.023686e-01
56	1.835397e-15	2.165769e-14	3.024476e-01
57	1.651441e-15	1.926681e-14	3.025239e-01
58	1.651039e-15	2.439869e-14	3.025976e-01
59	1.650650e-15	2.292570e-14	3.026688e-01
60	1.650275e-15	2.952158e-14	3.027377e-01
61	1.833235e-15	2.016559e-14	3.028043e-01
62	1.832845e-15	2.969208e-14	3.028688e-01
63	1.832467e-15	2.968596e-14	3.029313e-01
64	1.832100e-15	2.381730e-14	3.029919e-01
65	2.014920e-15	1.630253e-14	3.030506e-01
66	2.197681e-15	6.226764e-15	3.031076e-01
67	2.197281e-15	4.028348e-15	3.031628e-01
68	2.196892e-15	1.318135e-14	3.032165e-01
69	2.013471e-15	2.910381e-14	3.032686e-01
70	2.196147e-15	4.355692e-14	3.033193e-01
71	2.195791e-15	8.563584e-14	3.033685e-01
72	2.378398e-15	9.605068e-14	3.034164e-01
73	2.378033e-15	9.164572e-14	3.034630e-01
74	2.194779e-15	9.693607e-14	3.035084e-01
75	2.194460e-15	1.163064e-13	3.035525e-01
76	2.194149e-15	1.155585e-13	3.035955e-01
77	2.376667e-15	7.550488e-14	3.036374e-01
78	2.376347e-15	4.697856e-14	3.036782e-01
79	2.193264e-15	6.068030e-14	3.037181e-01
80	2.375732e-15	8.497811e-14	3.037569e-01
81	2.192710e-15	9.063202e-14	3.037947e-01
82	2.375147e-15	9.080370e-14	3.038317e-01
83	2.740229e-15	9.335047e-14	3.038678e-01
84	2.922572e-15	9.863681e-14	3.039030e-01
85	3.104881e-15	1.167070e-13	3.039374e-01
86	3.287158e-15	1.351387e-13	3.039710e-01
87	2.921603e-15	1.314721e-13	3.040038e-01
88	2.556132e-15	1.259808e-13	3.040359e-01
89	2.738431e-15	1.330877e-13	3.040673e-01
90	2.738154e-15	1.283282e-13	3.040980e-01
91	2.737884e-15	1.319660e-13	3.041280e-01
92	2.555111e-15	1.314057e-13	3.041574e-01
93	2.554870e-15	1.313933e-13	3.041862e-01
94	2.554634e-15	1.237173e-13	3.042143e-01
95	2.371945e-15	1.570957e-13	3.042419e-01
96	2.371735e-15	1.610955e-13	3.042689e-01
97	2.371529e-15	1.435687e-13	3.042953e-01
98	2.553736e-15	1.594261e-13	3.043212e-01
99	2.553523e-15	1.470100e-13	3.043466e-01
100	2.553315e-15	1.506456e-13	3.043714e-01
101	2.553110e-15	1.466215e-13	3.043958e-01
102	2.552910e-15	1.466100e-13	3.044197e-01
103	2.552713e-15	1.444106e-13	3.044432e-01
104	2.734843e-15	1.413002e-13	3.044662e-01
105	2.916950e-15	1.301689e-13	3.044888e-01
106	2.552145e-15	1.272427e-13	3.045109e-01
107	2.734246e-15	1.266867e-13	3.045326e-01
108	2.551784e-15	1.141012e-13	3.045540e-01
109	2.733867e-15	1.150047e-13	3.045749e-01
110	2.733682e-15	1.401468e-13	3.045955e-01
111	2.915734e-15	1.082466e-13	3.046157e-01
112	3.097766e-15	9.056410e-14	3.046355e-01
113	3.097568e-15	8.654969e-14	3.046550e-01
114	3.097373e-15	1.149672e-13	3.046742e-01
115	3.097182e-15	1.295351e-13	3.046930e-01
116	3.096994e-15	1.477448e-13	3.047115e-01
117	3.096809e-15	1.743321e-13	3.047297e-01
118	2.914473e-15	1.464522e-13	3.047476e-01
119	2.732160e-15	1.637475e-13	3.047651e-01
120	2.732005e-15	1.877798e-13	3.047824e-01
121	2.731853e-15	2.037962e-13	3.047994e-01
122	3.095930e-15	2.012355e-13	3.048162e-01
123	3.277867e-15	2.065056e-13	3.048326e-01
124	3.459787e-15	2.245219e-13	3.048488e-01
125	3.459606e-15	2.172268e-13	3.048648e-01
126	3.459428e-15	1.982798e-13	3.048804e-01
127	3.459253e-15	1.895306e-13	3.048959e-01
128	3.459080e-15	2.011728e-13	3.049111e-01
129	3.458910e-15	2.062603e-13	3.049260e-01
130	3.640782e-15	2.166266e-13	3.049408e-01
131	3.822640e-15	2.368216e-13	3.049553e-01
132	3.822460e-15	2.895969e-13	3.049696e-01
133	3.822284e-15	2.819389e-13	3.049837e-01
134	4.004115e-15	2.260505e-13	3.049975e-01
135	4.003936e-15	2.067487e-13	3.050112e-01
136	4.003759e-15	2.293062e-13	3.050247e-01
137	4.003585e-15	1.743379e-13	3.050379e-01
138	4.185387e-15	8.206997e-14	3.050510e-01
139	4.367175e-15	5.640935e-14	3.050639e-01
140	4.366993e-15	7.278322e-15	3.050766e-01
141	4.548765e-15	7.459974e-15	3.050892e-01
142	4.548580e-15	1.037076e-14	3.051015e-01
143	4.366463e-15	2.146844e-14	3.051137e-01
144	4.548220e-15	2.601582e-14	3.051257e-01
145	4.548043e-15	6.367260e-15	3.051376e-01
146	4.729784e-15	2.510424e-14	3.051492e-01
147	4.547697e-15	4.911513e-15	3.051608e-01
148	4.365626e-15	2.000912e-14	3.051722e-01
149	4.183572e-15	5.274938e-15	3.051834e-01
150	4.365308e-15	1.273215e-14	3.051944e-01
151	4.365151e-15	4.619785e-14	3.052054e-01
152	4.364997e-15	3.491998e-14	3.052162e-01
153	4.364845e-15	1.309453e-14	3.052268e-01
154	4.182832e-15	6.056014e-14	3.052373e-01
155	4.182690e-15	1.129326e-13	3.052477e-01
156	4.364400e-15	6.910300e-14	3.052579e-01
157	4.364255e-15	1.312913e-13	3.052680e-01
158	4.182274e-15	1.121941e-13	3.052780e-01
159	4.182139e-15	7.146003e-14	3.052879e-01
160	4.000180e-15	5.709347e-14	3.052976e-01
161	4.363695e-15	1.236380e-14	3.053072e-01
162	4.363559e-15	3.672662e-14	3.053167e-01
163	4.545235e-15	7.090566e-15	3.053261e-01
164	4.363293e-15	1.818039e-14	3.053354e-01
165	4.181364e-15	8.908122e-15	3.053445e-01
166	4.181240e-15	2.963226e-14	3.053536e-01
167	4.362905e-15	4.035687e-14	3.053625e-01
168	4.362779e-15	6.180603e-15	3.053713e-01
169	4.362654e-15	3.271991e-15	3.053801e-01
170	4.362531e-15	3.271898e-15	3.053887e-01
171	4.362409e-15	2.072144e-14	3.053972e-01
172	4.180527e-15	2.235673e-14	3.054056e-01
173	4.180413e-15	5.634469e-15	3.054140e-01
174	3.998548e-15	1.781171e-14	3.054222e-01
175	3.816694e-15	9.178240e-14	3.054303e-01
176	3.998336e-15	8.287460e-14	3.054384e-01
177	3.816494e-15	1.401199e-13	3.054464e-01
178	3.998129e-15	2.209875e-13	3.054542e-01
179	3.816298e-15	1.804564e-13	3.054620e-01
180	3.816202e-15	1.506491e-13	3.054697e-01
181	3.816107e-15	9.176829e-14	3.054773e-01
182	3.816013e-15	9.140260e-14	3.054848e-01
183	3.997631e-15	1.057555e-13	3.054923e-01
184	4.179241e-15	7.068368e-14	3.054996e-01
185	4.360843e-15	5.451053e-15	3.055069e-01
186	4.360740e-15	1.417240e-14	3.055141e-01
187	4.542331e-15	4.542331e-15	3.055213e-01
188	4.905604e-15	1.253654e-14	3.055283e-01
189	4.905492e-15	6.413477e-14	3.055353e-01
190	4.723701e-15	9.447401e-14	3.055422e-01
191	4.905272e-15	1.033741e-13	3.055490e-01
192	5.086836e-15	1.798560e-13	3.055558e-01
193	4.905056e-15	1.836671e-13	3.055625e-01
194	5.086614e-15	2.023746e-13	3.055691e-01
195	5.268166e-15	2.036419e-13	3.055757e-01
196	5.268054e-15	1.894683e-13	3.055822e-01
197	5.449596e-15	2.009085e-13	3.055886e-01
198	5.449483e-15	1.769265e-13	3.055950e-01
199	5.812662e-15	1.333279e-13	3.056013e-01
200	5.812544e-15	1.057156e-13	3.056075e-01
201	5.812426e-15	4.504630e-14	3.056137e-01
202	5.630675e-15	3.759838e-14	3.056198e-01
203	5.267302e-15	1.652843e-14	3.056258e-01
204	5.085571e-15	1.307718e-14	3.056318e-01
205	5.085472e-15	2.361112e-14	3.056378e-01
206	5.085374e-15	5.085374e-14	3.056436e-01
207	4.903660e-15	9.643865e-14	3.056495e-01
208	4.903568e-15	5.466570e-14	3.056552e-01
209	5.266697e-15	1.144144e-14	3.056609e-01
210	5.266599e-15	1.652623e-14	3.056666e-01
211	5.448106e-15	2.941977e-14	3.056722e-01
212	5.266407e-15	7.445610e-15	3.056777e-01
213	5.084715e-15	2.796593e-14	3.056832e-01
214	5.084625e-15	1.452750e-14	3.056887e-01
215	4.721354e-15	3.232312e-14	3.056941e-01
216	4.721271e-15	1.815874e-15	3.056994e-01
217	4.721190e-15	7.372319e-14	3.057047e-01
218	4.539527e-15	7.753513e-14	3.057100e-01
219	4.539450e-15	3.903927e-14	3.057152e-01
220	4.539374e-15	3.395452e-14	3.057203e-01
221	4.539298e-15	4.484826e-14	3.057254e-01
222	4.539223e-15	3.104828e-14	3.057305e-01
223	4.539148e-15	1.142050e-13	3.057355e-01
224	4.175949e-15	1.359907e-13	3.057405e-01
225	3.994321e-15	1.670352e-13	3.057454e-01
226	4.175815e-15	1.998944e-13	3.057503e-01
227	4.175748e-15	2.343866e-13	3.057551e-01
228	4.175683e-15	1.969833e-13	3.057599e-01
229	4.357167e-15	2.501740e-13	3.057647e-01
230	4.357099e-15	2.846638e-13	3.057694e-01
231	4.538576e-15	2.663236e-13	3.057741e-01
232	4.538507e-15	2.278330e-13	3.057787e-01
233	4.538439e-15	2.775709e-13	3.057833e-01
234	4.719906e-15	2.537857e-13	3.057879e-01
235	4.901368e-15	2.300013e-13	3.057924e-01
236	5.082826e-15	2.004086e-13	3.057969e-01
237	5.082752e-15	2.446982e-13	3.058013e-01
238	5.264203e-15	2.419718e-13	3.058057e-01
239	5.264128e-15	2.506814e-13	3.058101e-01
240	5.082535e-15	2.504963e-13	3.058144e-01
241	5.263980e-15	2.699151e-13	3.058187e-01
242	5.082392e-15	3.408833e-13	3.058230e-01
243	4.900811e-15	2.797092e-13	3.058272e-01
244	4.900743e-15	3.170963e-13	3.058314e-01
245	4.900677e-15	3.457700e-13	3.058355e-01
246	4.719107e-15	2.943997e-13	3.058396e-01
247	4.900545e-15	3.279735e-13	3.058437e-01
248	4.718981e-15	3.143567e-13	3.058478e-01
249	4.718919e-15	3.241534e-13	3.058518e-01
250	4.900352e-15	3.980175e-13	3.058558e-01
251	4.900288e-15	4.157985e-13	3.058598e-01
252	4.900225e-15	4.404758e-13	3.058637e-01
253	4.900163e-15	4.215955e-13	3.058676e-01
254	4.900101e-15	4.644207e-13	3.058715e-01
255	5.081522e-15	4.587889e-13	3.058753e-01
256	5.262940e-15	4.586017e-13	3.058791e-01
257	5.262875e-15	4.204856e-13	3.058829e-01
258	5.444287e-15	4.148546e-13	3.058866e-01
259	5.444220e-15	4.732842e-13	3.058904e-01
260	5.625627e-15	4.433357e-13	3.058940e-01
261	5.444090e-15	3.164831e-13	3.058977e-01
262	5.444025e-15	3.763636e-13	3.059013e-01
263	5.806891e-15	4.264436e-13	3.059050e-01
264	5.625360e-15	5.100931e-13	3.059085e-01
265	5.625295e-15	4.298814e-13	3.059121e-01
266	5.988148e-15	3.888667e-13	3.059156e-01
267	5.988080e-15	5.235033e-13	3.059191e-01
268	5.988012e-15	4.418427e-13	3.059226e-01
269	6.169397e-15	4.412933e-13	3.059260e-01
270	6.169328e-15	3.160873e-13	3.059295e-01
271	6.169259e-15	4.010019e-13	3.059329e-01
272	5.987745e-15	5.757307e-13	3.059362e-01
273	5.806234e-15	5.766316e-13	3.059396e-01
274	5.987614e-15	4.987864e-13	3.059429e-01
275	5.987549e-15	5.604709e-13	3.059462e-01
276	6.168924e-15	5.011344e-13	3.059495e-01
277	5.987422e-15	6.566206e-13	3.059527e-01
278	5.987358e-15	6.232296e-13	3.059560e-01
279	6.168729e-15	5.286964e-13	3.059592e-01
280	6.350096e-15	4.490425e-13	3.059623e-01
281	5.987172e-15	3.877147e-13	3.059655e-01
282	5.987110e-15	4.443161e-13	3.059686e-01
283	6.168475e-15	4.314304e-13	3.059718e-01
284	5.986989e-15	4.232620e-13	3.059749e-01
285	5.986929e-15	3.800792e-13	3.059779e-01
286	5.805449e-15	5.199505e-13	3.059810e-01
287	5.805391e-15	5.787249e-13	3.059840e-01
288	5.623917e-15	5.614846e-13	3.059870e-01
289	5.442447e-15	5.674659e-13	3.059900e-01
290	5.442395e-15	6.193445e-13	3.059930e-01
291	5.623754e-15	6.811998e-13	3.059959e-01
292	5.805110e-15	6.810119e-13	3.059988e-01
293	5.805054e-15	7.209152e-13	3.060018e-01
294	5.986406e-15	7.345139e-13	3.060046e-01
295	5.986350e-15	7.036682e-13	3.060075e-01
296	5.986294e-15	6.938659e-13	3.060104e-01
297	5.804838e-15	7.056506e-13	3.060132e-01
298	5.804784e-15	7.158025e-13	3.060160e-01
299	5.804731e-15	7.205123e-13	3.060188e-01
300	5.623282e-15	7.823618e-13	3.060216e-01
301	5.804626e-15	7.074388e-13	3.060243e-01
302	5.804574e-15	6.551913e-13	3.060271e-01
303	5.804523e-15	6.352325e-13	3.060298e-01
304	5.623082e-15	5.646663e-13	3.060325e-01
305	5.623033e-15	5.135099e-13	3.060352e-01
306	5.622984e-15	3.956041e-13	3.060378e-01
307	5.441550e-15	4.041258e-13	3.060405e-01
308	5.441503e-15	5.216588e-13	3.060431e-01
309	5.078693e-15	4.037561e-13	3.060457e-01
310	5.260030e-15	3.785408e-13	3.060483e-01
311	5.259986e-15	4.068327e-13	3.060509e-01
312	5.441319e-15	3.428031e-13	3.060535e-01
313	5.622650e-15	3.839726e-13	3.060560e-01
314	5.441229e-15	4.077294e-13	3.060585e-01
315	5.259811e-15	4.253192e-13	3.060611e-01
316	5.441140e-15	4.795458e-13	3.060636e-01
317	5.622465e-15	5.453791e-13	3.060660e-01
318	5.441052e-15	4.316568e-13	3.060685e-01
319	5.622375e-15	4.278446e-13	3.060710e-01
320	5.440965e-15	2.811165e-13	3.060734e-01
321	5.622286e-15	4.038977e-13	3.060758e-01
322	5.622241e-15	2.972533e-13	3.060782e-01
323	5.440836e-15	3.188330e-13	3.060806e-01
324	5.622154e-15	2.950724e-13	3.060830e-01
325	5.803469e-15	3.645304e-13	3.060854e-01
326	5.803424e-15	3.355105e-13	3.060877e-01
327	5.803380e-15	3.467520e-13	3.060900e-01
328	6.166045e-15	4.145758e-13	3.060924e-01
329	5.984645e-15	3.530941e-13	3.060947e-01
330	6.165952e-15	4.385080e-13	3.060970e-01
331	5.984556e-15	4.038668e-13	3.060992e-01
332	5.803163e-15	4.776728e-13	3.061015e-01
333	5.621773e-15	3.810111e-13	3.061038e-01
334	5.621731e-15	3.690395e-13	3.061060e-01
335	5.621691e-15	4.169118e-13	3.061082e-01
336	5.621650e-15	3.345788e-13	3.061104e-01
337	5.802952e-15	2.553299e-13	3.061126e-01
338	5.984251e-15	3.820854e-13	3.061148e-01
339	6.165549e-15	3.637674e-13	3.061170e-01
340	6.165505e-15	3.441803e-13	3.061191e-01
341	6.346799e-15	3.400071e-13	3.061213e-01
342	6.346755e-15	1.786158e-13	3.061234e-01
343	6.346711e-15	1.778892e-13	3.061255e-01
344	6.165334e-15	1.573973e-13	3.061277e-01
345	6.165291e-15	3.064512e-13	3.061298e-01
346	6.346580e-15	1.971067e-13	3.061318e-01
347	6.346537e-15	2.116117e-13	3.061339e-01
348	6.527823e-15	1.860430e-13	3.061360e-01
349	6.346452e-15	2.823265e-13	3.061380e-01
350	6.346410e-15	1.909363e-13	3.061401e-01
351	6.165043e-15	1.907537e-13	3.061421e-01
352	5.983679e-15	1.680870e-13	3.061441e-01
353	6.164962e-15	1.207607e-13	3.061461e-01
354	6.346243e-15	1.071608e-13	3.061481e-01
355	6.164882e-15	1.051656e-14	3.061501e-01
356	6.164842e-15	4.569236e-14	3.061520e-01
357	6.164803e-15	1.537574e-13	3.061540e-01
358	5.983447e-15	1.397951e-13	3.061560e-01
359	5.983409e-15	3.082362e-15	3.061579e-01
360	5.983372e-15	1.401559e-13	3.061598e-01
361	5.983334e-15	4.043283e-14	3.061617e-01
362	6.164609e-15	2.139482e-14	3.061636e-01
363	6.164571e-15	3.662480e-14	3.061655e-01
364	5.983223e-15	1.466796e-13	3.061674e-01
365	5.983187e-15	1.343497e-13	3.061693e-01
366	6.345765e-15	1.314480e-13	3.061712e-01
367	6.345727e-15	6.037506e-14	3.061730e-01
368	6.164383e-15	4.641418e-14	3.061749e-01
369	6.345651e-15	9.953606e-14	3.061767e-01
370	6.345613e-15	9.953547e-14	3.061785e-01
371	6.526877e-15	9.717795e-14	3.061803e-01
372	6.526839e-15	6.345538e-14	3.061821e-01
373	6.526801e-15	5.511521e-14	3.061839e-01
374	6.526763e-15	2.538185e-15	3.061857e-01
375	6.526725e-15	8.339704e-15	3.061875e-01
376	6.526687e-15	2.538156e-15	3.061892e-01
377	6.707946e-15	2.229939e-14	3.061910e-01
378	7.070497e-15	9.336682e-14	3.061928e-01
379	7.070457e-15	5.438813e-16	3.061945e-01
380	7.070417e-15	7.070417e-15	3.061962e-01
381	7.070377e-15	6.834698e-14	3.061979e-01
382	6.889047e-15	9.064535e-15	3.061997e-01
383	6.889009e-15	4.387211e-14	3.062014e-01
384	6.707682e-15	6.834584e-14	3.062030e-01
385	6.888933e-15	1.232756e-14	3.062047e-01
386	6.888895e-15	1.812867e-14	3.062064e-01
387	6.888857e-15	2.102914e-14	3.062081e-01
388	7.070105e-15	1.299812e-13	3.062097e-01
389	7.070067e-15	9.082316e-14	3.062114e-01
390	7.251312e-15	3.625656e-16	3.062130e-01
391	7.432555e-15	9.589808e-14	3.062147e-01
392	7.251234e-15	3.951923e-14	3.062163e-01
393	7.432476e-15	3.571214e-14	3.062179e-01
394	7.432437e-15	1.339651e-13	3.062195e-01
395	7.613676e-15	4.169394e-14	3.062211e-01
396	7.613637e-15	7.939935e-14	3.062227e-01
397	7.432321e-15	1.582541e-13	3.062243e-01
398	7.432283e-15	2.604924e-13	3.062259e-01
399	7.613519e-15	1.928758e-13	3.062274e-01
400	7.794754e-15	2.202471e-13	3.062290e-01
401	7.794714e-15	1.143829e-13	3.062305e-01
402	7.794675e-15	5.710052e-14	3.062321e-01
403	8.157177e-15	6.072565e-14	3.062336e-01
404	8.338406e-15	1.305142e-13	3.062352e-01
405	8.338364e-15	5.583079e-14	3.062367e-01
406	8.157055e-15	5.492417e-14	3.062382e-01
407	7.975748e-15	1.740163e-14	3.062397e-01
408	7.794443e-15	2.447093e-14	3.062412e-01
409	7.613140e-15	1.569757e-13	3.062427e-01
410	7.794367e-15	9.516378e-14	3.062442e-01
411	7.613066e-15	1.022326e-13	3.062457e-01
412	7.431767e-15	7.522398e-14	3.062471e-01
413	7.250469e-15	8.156778e-14	3.062486e-01
414	7.069174e-15	1.538905e-13	3.062500e-01
415	6.887881e-15	2.700774e-13	3.062515e-01
416	6.887848e-15	1.482700e-13	3.062529e-01
417	7.069074e-15	1.560634e-13	3.062544e-01
418	7.069041e-15	1.778136e-13	3.062558e-01
419	7.250265e-15	3.382249e-13	3.062572e-01
420	7.431487e-15	2.423390e-13	3.062586e-01
421	7.431453e-15	2.561132e-13	3.062601e-01
422	7.250165e-15	3.751960e-13	3.062615e-01
423	7.431385e-15	3.931384e-13	3.062628e-01
424	7.612604e-15	4.408060e-13	3.062642e-01
425	7.250066e-15	4.125288e-13	3.062656e-01
426	7.431285e-15	5.058711e-13	3.062670e-01
427	7.250001e-15	6.488751e-13	3.062684e-01
428	7.431218e-15	6.686284e-13	3.062697e-01
429	7.431185e-15	6.468756e-13	3.062711e-01
430	7.249905e-15	5.328680e-13	3.062724e-01
431	7.249873e-15	4.984288e-13	3.062738e-01
432	7.249841e-15	3.664795e-13	3.062751e-01
433	7.249810e-15	3.374787e-13	3.062765e-01
434	7.249779e-15	4.179497e-13	3.062778e-01
435	7.249747e-15	4.059858e-13	3.062791e-01
436	7.430959e-15	4.326268e-13	3.062804e-01
437	7.249685e-15	5.770749e-13	3.062817e-01
438	6.887172e-15	4.810146e-13	3.062830e-01
439	6.887143e-15	4.476643e-13	3.062843e-01
440	7.068353e-15	5.007657e-13	3.062856e-01
441	7.249563e-15	5.560415e-13	3.062869e-01
442	7.068294e-15	5.935555e-13	3.062882e-01
443	7.068265e-15	4.587123e-13	3.062894e-01
444	6.886999e-15	4.059705e-13	3.062907e-01
445	6.705734e-15	5.293905e-13	3.062920e-01
446	7.068178e-15	5.638231e-13	3.062932e-01
447	7.249383e-15	4.295260e-13	3.062945e-01
448	7.249354e-15	4.052389e-13	3.062957e-01
449	7.430558e-15	3.735214e-13	3.062970e-01
450	7.611760e-15	3.653645e-13	3.062982e-01
451	7.611730e-15	3.628258e-13	3.062994e-01
452	7.611699e-15	2.874323e-13	3.063006e-01
453	7.792899e-15	3.593795e-13	3.063019e-01
454	7.792868e-15	3.441548e-13	3.063031e-01
455	7.792838e-15	2.828981e-13	3.063043e-01
456	7.792807e-15	2.966704e-13	3.063055e-01
457	7.974004e-15	3.889139e-13	3.063067e-01
458	7.973973e-15	4.353064e-13	3.063079e-01
459	7.973942e-15	5.436779e-13	3.063090e-01
460	7.792686e-15	6.725270e-13	3.063102e-01
461	7.792656e-15	6.206941e-13	3.063114e-01
462	7.611403e-15	7.589656e-13	3.063126e-01
463	7.792597e-15	9.070220e-13	3.063137e-01
464	7.792567e-15	1.065045e-12	3.063149e-01
465	7.611316e-15	1.033327e-12	3.063161e-01
466	7.611288e-15	9.586598e-13	3.063172e-01
467	7.611259e-15	9.539445e-13	3.063183e-01
468	7.430011e-15	9.026557e-13	3.063195e-01
469	7.611203e-15	8.209226e-13	3.063206e-01
470	7.248738e-15	8.481023e-13	3.063218e-01
471	7.067493e-15	8.664022e-13	3.063229e-01
472	7.067467e-15	8.631371e-13	3.063240e-01
473	7.067442e-15	7.362825e-13	3.063251e-01
474	6.886200e-15	8.419286e-13	3.063262e-01
475	6.704960e-15	8.725509e-13	3.063273e-01
476	6.704936e-15	7.761417e-13	3.063284e-01
477	6.704912e-15	7.475071e-13	3.063295e-01
478	6.704888e-15	6.634215e-13	3.063306e-01
479	6.704864e-15	6.311633e-13	3.063317e-01
480	6.704841e-15	6.086908e-13	3.063328e-01
481	6.704817e-15	5.825942e-13	3.063339e-01
482	6.886004e-15	5.599409e-13	3.063350e-01
483	6.885980e-15	5.603013e-13	3.063360e-01
484	7.067165e-15	6.083199e-13	3.063371e-01
485	7.067141e-15	7.253786e-13	3.063382e-01
486	7.067117e-15	7.369734e-13	3.063392e-01
487	7.248300e-15	6.364007e-13	3.063403e-01
488	7.248275e-15	5.769627e-13	3.063413e-01
489	7.248250e-15	6.791610e-13	3.063424e-01
490	7.429431e-15	6.525215e-13	3.063434e-01
491	7.791816e-15	7.163035e-13	3.063444e-01
492	7.791790e-15	6.644766e-13	3.063455e-01
493	7.610560e-15	6.008718e-13	3.063465e-01
494	7.429331e-15	5.615487e-13	3.063475e-01
495	7.248104e-15	5.077297e-13	3.063485e-01
496	7.429282e-15	6.901984e-13	3.063495e-01
497	7.610459e-15	7.150207e-13	3.063506e-01
498	7.610434e-15	6.501485e-13	3.063516e-01
499	7.791609e-15	6.477908e-13	3.063526e-01
500	7.610384e-15	5.675172e-13	3.063536e-01
501	7.429160e-15	7.112062e-13	3.063546e-01
502	7.429136e-15	7.039560e-13	3.063556e-01
503	7.610310e-15	7.871235e-13	3.063565e-01
504	7.610286e-15	6.983343e-13	3.063575e-01
505	7.610262e-15	7.787834e-13	3.063585e-01
506	7.610237e-15	8.545209e-13	3.063595e-01
507	7.429018e-15	9.721141e-13	3.063605e-01
508	7.428994e-15	1.022121e-12	3.063614e-01
509	7.610165e-15	9.190180e-13	3.063624e-01
510	7.610141e-15	9.661256e-13	3.063633e-01
511	7.610118e-15	9.226362e-13	3.063643e-01
512	7.610094e-15	9.255324e-13	3.063653e-01
513	7.428878e-15	9.278850e-13	3.063662e-01
514	7.610047e-15	8.784168e-13	3.063671e-01
515	7.610023e-15	9.023314e-13	3.063681e-01
516	7.791191e-15	9.242526e-13	3.063690e-01
517	7.791167e-15	8.492372e-13	3.063700e-01
518	7.791143e-15	9.278708e-13	3.063709e-01
519	7.791120e-15	8.242280e-13	3.063718e-01
520	7.972284e-15	7.236660e-13	3.063727e-01
521	7.972261e-15	5.855988e-13	3.063737e-01
522	7.972237e-15	5.098608e-13	3.063746e-01
523	8.153400e-15	7.318129e-13	3.063755e-01
524	7.972189e-15	8.751290e-13	3.063764e-01
525	7.972166e-15	1.060660e-12	3.063773e-01
526	7.972142e-15	1.158860e-12	3.063782e-01
527	7.972119e-15	1.157044e-12	3.063791e-01
528	7.790911e-15	1.154323e-12	3.063800e-01
529	7.609705e-15	1.357064e-12	3.063809e-01
530	7.609683e-15	1.332057e-12	3.063818e-01
531	7.428479e-15	1.115902e-12	3.063827e-01
532	7.609639e-15	1.209933e-12	3.063836e-01
533	7.428436e-15	1.091980e-12	3.063844e-01
534	7.609596e-15	1.067155e-12	3.063853e-01
535	7.609574e-15	7.794378e-13	3.063862e-01
536	7.428373e-15	6.919257e-13	3.063871e-01
537	7.428352e-15	5.980729e-13	3.063879e-01
538	7.609510e-15	3.598211e-13	3.063888e-01
539	7.971845e-15	2.746663e-13	3.063896e-01
540	8.153000e-15	3.295624e-13	3.063905e-01
541	8.152978e-15	1.965773e-13	3.063914e-01
542	8.152955e-15	3.426053e-13	3.063922e-01
543	7.971756e-15	5.409924e-13	3.063930e-01
544	7.971734e-15	6.098377e-13	3.063939e-01
545	8.152888e-15	4.081879e-13	3.063947e-01
546	8.152865e-15	2.030969e-13	3.063956e-01
547	8.334017e-15	2.953141e-13	3.063964e-01
548	7.971647e-15	6.442540e-13	3.063972e-01
549	7.971626e-15	4.931537e-13	3.063981e-01
550	8.152777e-15	5.922539e-13	3.063989e-01
551	8.515100e-15	5.973252e-13	3.063997e-01
552	8.696249e-15	9.218024e-13	3.064005e-01
553	8.696226e-15	8.779564e-13	3.064014e-01
554	8.696202e-15	8.993323e-13	3.064022e-01
555	8.877350e-15	6.828313e-13	3.064030e-01
556	8.877326e-15	1.040097e-12	3.064038e-01
557	8.877303e-15	9.255947e-13	3.064046e-01
558	8.514942e-15	7.734104e-13	3.064054e-01
559	8.877257e-15	6.378943e-13	3.064062e-01
560	9.058402e-15	5.623456e-13	3.064070e-01
561	9.239546e-15	5.752070e-13	3.064078e-01
562	9.239522e-15	6.871668e-13	3.064086e-01
563	9.420665e-15	8.877165e-13	3.064094e-01
564	9.420641e-15	7.714055e-13	3.064101e-01
565	9.601782e-15	6.476674e-13	3.064109e-01
566	9.601758e-15	4.248325e-13	3.064117e-01
567	9.601733e-15	3.491045e-13	3.064125e-01
568	9.601709e-15	2.592461e-13	3.064133e-01
569	9.601685e-15	3.262761e-13	3.064140e-01
570	9.782824e-15	3.079778e-13	3.064148e-01
571	9.782800e-15	2.884114e-13	3.064156e-01
572	9.782776e-15	3.039907e-13	3.064163e-01
573	9.963913e-15	3.404035e-13	3.064171e-01
574	9.782727e-15	3.300765e-13	3.064178e-01
575	9.601542e-15	1.494580e-13	3.064186e-01
576	9.420357e-15	1.268125e-14	3.064194e-01
577	9.601495e-15	2.952913e-14	3.064201e-01
578	9.782631e-15	1.619569e-13	3.064209e-01
579	9.601448e-15	1.867753e-13	3.064216e-01
580	9.601425e-15	2.844196e-14	3.064223e-01
581	9.420243e-15	1.130429e-13	3.064231e-01
582	9.239062e-15	2.010855e-14	3.064238e-01
583	9.601355e-15	2.335122e-13	3.064246e-01
584	9.601332e-15	2.824241e-13	3.064253e-01
585	9.601309e-15	2.146708e-13	3.064260e-01
586	9.601287e-15	2.027140e-13	3.064267e-01
587	9.963576e-15	5.063308e-13	3.064275e-01
588	9.963552e-15	7.324117e-13	3.064282e-01
589	9.963529e-15	9.508830e-13	3.064289e-01
590	9.963506e-15	9.548661e-13	3.064296e-01
591	9.963482e-15	1.004862e-12	3.064303e-01
592	9.782305e-15	1.089459e-12	3.064311e-01
593	9.782283e-15	9.271430e-13	3.064318e-01
594	9.601107e-15	7.110254e-13	3.064325e-01
595	9.419932e-15	3.688266e-13	3.064332e-01
596	9.238759e-15	3.070529e-13	3.064339e-01
597	9.238738e-15	3.005307e-13	3.064346e-01
598	9.238717e-15	2.360401e-13	3.064353e-01
599	9.238696e-15	1.150308e-13	3.064360e-01
600	9.238675e-15	5.525090e-14	3.064367e-01
601	9.238654e-15	7.771338e-14	3.064374e-01
602	9.057483e-15	2.974478e-13	3.064381e-01
603	8.876314e-15	1.237249e-13	3.064387e-01
604	9.057443e-15	6.448899e-14	3.064394e-01
605	9.238571e-15	2.411086e-13	3.064401e-01
606	9.238551e-15	1.700980e-13	3.064408e-01
607	9.057382e-15	2.789674e-14	3.064415e-01
608	9.057362e-15	3.007044e-14	3.064421e-01
609	9.057343e-15	1.195569e-13	3.064428e-01
610	8.876176e-15	1.527065e-13	3.064435e-01
611	8.695011e-15	1.807838e-13	3.064442e-01
612	8.694992e-15	3.952598e-13	3.064448e-01
613	8.694973e-15	3.883755e-13	3.064455e-01
614	8.876099e-15	6.385357e-13	3.064462e-01
615	8.694936e-15	6.571922e-13	3.064468e-01
616	8.876061e-15	4.751410e-13	3.064475e-01
617	8.876042e-15	2.726213e-13	3.064481e-01
618	9.057166e-15	3.814878e-13	3.064488e-01
619	9.057147e-15	1.742595e-13	3.064494e-01
620	8.875985e-15	2.910961e-13	3.064501e-01
621	8.875967e-15	4.164459e-13	3.064507e-01
622	8.694806e-15	3.930777e-13	3.064514e-01
623	8.513646e-15	2.240719e-13	3.064520e-01
624	8.513629e-15	4.454258e-13	3.064527e-01
625	8.332470e-15	2.727978e-13	3.064533e-01
626	8.332453e-15	5.709542e-13	3.064539e-01
627	8.332436e-15	8.879478e-13	3.064546e-01
628	8.332418e-15	9.401142e-13	3.064552e-01
629	8.513540e-15	9.848536e-13	3.064558e-01
630	8.513523e-15	1.080493e-12	3.064565e-01
631	8.694644e-15	1.087555e-12	3.064571e-01
632	8.694626e-15	1.041544e-12	3.064577e-01
633	8.694608e-15	1.154209e-12	3.064583e-01
634	8.694591e-15	1.073420e-12	3.064590e-01
635	8.513436e-15	9.975211e-13	3.064596e-01
636	8.694556e-15	9.346647e-13	3.064602e-01
637	8.694538e-15	1.075587e-12	3.064608e-01
638	8.875657e-15	1.052943e-12	3.064614e-01
639	9.056774e-15	1.056020e-12	3.064620e-01
640	9.237891e-15	1.089528e-12	3.064627e-01
641	9.237873e-15	1.346737e-12	3.064633e-01
642	9.237855e-15	1.468457e-12	3.064639e-01
643	9.237837e-15	1.657920e-12	3.064645e-01
644	9.418952e-15	1.568618e-12	3.064651e-01
645	9.418934e-15	1.789960e-12	3.064657e-01
646	9.237782e-15	1.993731e-12	3.064663e-01
647	9.056632e-15	2.048248e-12	3.064669e-01
648	9.237746e-15	2.390765e-12	3.064675e-01
649	9.056597e-15	2.173945e-12	3.064681e-01
650	9.056579e-15	2.234801e-12	3.064686e-01
651	9.056562e-15	2.499611e-12	3.064692e-01
652	9.056544e-15	2.355788e-12	3.064698e-01
653	9.237658e-15	2.137159e-12	3.064704e-01
654	9.237640e-15	2.012175e-12	3.064710e-01
655	9.056493e-15	1.985545e-12	3.064716e-01
656	9.056475e-15	1.899324e-12	3.064722e-01
657	9.056458e-15	1.804771e-12	3.064727e-01
658	9.056441e-15	1.964161e-12	3.064733e-01
659	9.056424e-15	2.109785e-12	3.064739e-01
660	9.237535e-15	2.186760e-12	3.064745e-01
661	9.056390e-15	2.354662e-12	3.064750e-01
662	8.875246e-15	2.246886e-12	3.064756e-01
663	8.875230e-15	2.455178e-12	3.064762e-01
664	8.875213e-15	2.305563e-12	3.064767e-01
665	8.875197e-15	2.455532e-12	3.064773e-01
666	9.056307e-15	2.670161e-12	3.064779e-01
667	8.875164e-15	2.935506e-12	3.064784e-01
668	8.875148e-15	2.718512e-12	3.064790e-01
669	8.875132e-15	2.451167e-12	3.064795e-01
670	8.693991e-15	2.419103e-12	3.064801e-01
671	8.693975e-15	2.391930e-12	3.064807e-01
672	8.512835e-15	2.365663e-12	3.064812e-01
673	8.512820e-15	2.564532e-12	3.064818e-01
674	8.150558e-15	2.328705e-12	3.064823e-01
675	8.150543e-15	2.341017e-12	3.064829e-01
676	7.969406e-15	2.402414e-12	3.064834e-01
677	7.788269e-15	2.175101e-12	3.064840e-01
678	7.607133e-15	2.295905e-12	3.064845e-01
679	7.788242e-15	2.152271e-12	3.064850e-01
680	7.969349e-15	2.108255e-12	3.064856e-01
681	7.788214e-15	2.022219e-12	3.064861e-01
682	7.788200e-15	1.989614e-12	3.064867e-01
683	7.969308e-15	1.972766e-12	3.064872e-01
684	7.788173e-15	2.173263e-12	3.064877e-01
685	7.788160e-15	1.919691e-12	3.064883e-01
686	7.607027e-15	1.894150e-12	3.064888e-01
687	7.425894e-15	1.908093e-12	3.064893e-01
688	7.607000e-15	2.015493e-12	3.064898e-01
689	7.425869e-15	2.143178e-12	3.064904e-01
690	7.606974e-15	2.091918e-12	3.064909e-01
691	7.606961e-15	1.907536e-12	3.064914e-01
692	7.788066e-15	1.882720e-12	3.064919e-01
693	8.150288e-15	1.815341e-12	3.064925e-01
694	8.150274e-15	2.122513e-12	3.064930e-01
695	8.331377e-15	2.357780e-12	3.064935e-01
696	8.512480e-15	2.324631e-12	3.064940e-01
697	8.693582e-15	2.448330e-12	3.064945e-01
698	8.693567e-15	2.292928e-12	3.064950e-01
699	8.874669e-15	2.416989e-12	3.064955e-01
700	9.236885e-15	2.519858e-12	3.064961e-01
701	9.417984e-15	2.554809e-12	3.064966e-01
702	9.599084e-15	2.730305e-12	3.064971e-01
703	9.599068e-15	2.769059e-12	3.064976e-01
704	9.599052e-15	2.650244e-12	3.064981e-01
705	9.961264e-15	2.610757e-12	3.064986e-01
706	9.780134e-15	2.774660e-12	3.064991e-01
707	9.780118e-15	2.783349e-12	3.064996e-01
708	9.417876e-15	2.909037e-12	3.065001e-01
709	9.236748e-15	2.942900e-12	3.065006e-01
710	9.417846e-15	2.937643e-12	3.065011e-01
711	9.417831e-15	2.836940e-12	3.065016e-01
712	9.417815e-15	2.847802e-12	3.065021e-01
713	9.417800e-15	3.069841e-12	3.065026e-01
714	9.598896e-15	3.125437e-12	3.065030e-01
715	9.779992e-15	2.902122e-12	3.065035e-01
716	9.598866e-15	2.924394e-12	3.065040e-01
717	9.598851e-15	3.241695e-12	3.065045e-01
718	9.417725e-15	3.428776e-12	3.065050e-01
719	9.598820e-15	3.328980e-12	3.065055e-01
720	9.598805e-15	3.424962e-12	3.065060e-01
721	9.598790e-15	3.356498e-12	3.065064e-01
722	9.417666e-15	3.404486e-12	3.065069e-01
723	9.236543e-15	3.378945e-12	3.065074e-01
724	9.236529e-15	3.361553e-12	3.065079e-01
725	9.236514e-15	3.335468e-12	3.065083e-01
726	9.055392e-15	3.185687e-12	3.065088e-01
727	9.055378e-15	3.442130e-12	3.065093e-01
728	8.874257e-15	3.425282e-12	3.065098e-01
729	9.055350e-15	3.472546e-12	3.065102e-01
730	8.874230e-15	3.454973e-12	3.065107e-01
731	8.874216e-15	3.520166e-12	3.065112e-01
732	8.693097e-15	3.721732e-12	3.065116e-01
733	8.693083e-15	3.648922e-12	3.065121e-01
734	8.693070e-15	3.540253e-12	3.065126e-01
735	8.511952e-15	3.542240e-12	3.065130e-01
736	8.874149e-15	3.339034e-12	3.065135e-01
737	8.693031e-15	3.265682e-12	3.065140e-01
738	8.874122e-15	3.196314e-12	3.065144e-01
739	8.693005e-15	3.286318e-12	3.065149e-01
740	8.692992e-15	3.231258e-12	3.065153e-01
741	9.055187e-15	3.380120e-12	3.065158e-01
742	9.055173e-15	3.252256e-12	3.065162e-01
743	9.236263e-15	3.021707e-12	3.065167e-01
744	9.055146e-15	2.775946e-12	3.065171e-01
745	9.236236e-15	2.516422e-12	3.065176e-01
746	9.417325e-15	2.530000e-12	3.065180e-01
747	9.417311e-15	2.276816e-12	3.065185e-01
748	9.779501e-15	2.245663e-12	3.065189e-01
749	9.960588e-15	2.099511e-12	3.065194e-01
750	9.960574e-15	2.159996e-12	3.065198e-01
751	9.779458e-15	1.924380e-12	3.065203e-01
752	9.779444e-15	1.920755e-12	3.065207e-01
753	9.960531e-15	1.853564e-12	3.065211e-01
754	9.779416e-15	2.088086e-12	3.065216e-01
755	9.598302e-15	2.167586e-12	3.065220e-01
756	9.417189e-15	2.297070e-12	3.065225e-01
757	9.417175e-15	2.231146e-12	3.065229e-01
758	9.598261e-15	2.387432e-12	3.065233e-01
759	9.417149e-15	2.363342e-12	3.065238e-01
760	9.598234e-15	2.420385e-12	3.065242e-01
761	9.598221e-15	2.371847e-12	3.065246e-01
762	9.598207e-15	2.324758e-12	3.065251e-01
763	9.598194e-15	2.310267e-12	3.065255e-01
764	9.417083e-15	2.283280e-12	3.065259e-01
765	9.235972e-15	2.123730e-12	3.065263e-01
766	9.235959e-15	2.007463e-12	3.065268e-01
767	9.235946e-15	2.036073e-12	3.065272e-01
768	9.235934e-15	2.237088e-12	3.065276e-01
769	9.235921e-15	2.193984e-12	3.065280e-01
770	9.054812e-15	2.159029e-12	3.065285e-01
771	9.235896e-15	2.312053e-12	3.065289e-01
772	9.235883e-15	2.389921e-12	3.065293e-01
773	9.235870e-15	2.429034e-12	3.065297e-01
774	9.235858e-15	2.394622e-12	3.065301e-01
775	9.416940e-15	2.552353e-12	3.065306e-01
776	9.416927e-15	2.726925e-12	3.065310e-01
777	9.416915e-15	2.673317e-12	3.065314e-01
778	9.416902e-15	2.818913e-12	3.065318e-01
779	9.597983e-15	2.780699e-12	3.065322e-01
780	9.779064e-15	2.848967e-12	3.065326e-01
781	9.960145e-15	2.875222e-12	3.065330e-01
782	1.014122e-14	2.643600e-12	3.065334e-01
783	1.032230e-14	2.612992e-12	3.065338e-01
784	1.050338e-14	2.433888e-12	3.065342e-01
785	1.050337e-14	2.432073e-12	3.065347e-01
786	1.068445e-14	2.497082e-12	3.065351e-01
787	1.068443e-14	2.452893e-12	3.065355e-01
788	1.086551e-14	2.429528e-12	3.065359e-01
789	1.086550e-14	2.492183e-12	3.065363e-01
790	1.086548e-14	2.642486e-12	3.065367e-01
791	1.086547e-14	2.817778e-12	3.065371e-01
792	1.086546e-14	2.892384e-12	3.065375e-01
793	1.068435e-14	2.677788e-12	3.065379e-01
794	1.086543e-14	2.664565e-12	3.065383e-01
795	1.068432e-14	2.910301e-12	3.065387e-01
796	1.068431e-14	3.039958e-12	3.065390e-01
797	1.068430e-14	2.988162e-12	3.065394e-01
798	1.068428e-14	2.999386e-12	3.065398e-01
799	1.086536e-14	3.257434e-12	3.065402e-01
800	1.086534e-14	3.144068e-12	3.065406e-01
801	1.104642e-14	3.465135e-12	3.065410e-01
802	1.122749e-14	3.483058e-12	3.065414e-01
803	1.104639e-14	3.514020e-12	3.065418e-01
804	1.086529e-14	3.815527e-12	3.065422e-01
805	1.104636e-14	3.845040e-12	3.065425e-01
806	1.086526e-14	4.114312e-12	3.065429e-01
807	1.068416e-14	3.965272e-12	3.065433e-01
808	1.086523e-14	4.165731e-12	3.065437e-01
809	1.086522e-14	4.314217e-12	3.065441e-01
810	1.050303e-14	4.323266e-12	3.065445e-01
811	1.050302e-14	4.420323e-12	3.065448e-01
812	1.032192e-14	4.406012e-12	3.065452e-01
813	1.032191e-14	4.396228e-12	3.065456e-01
814	1.050298e-14	4.451816e-12	3.065460e-01
815	1.050297e-14	4.578570e-12	3.065464e-01
816	1.050296e-14	4.727779e-12	3.065467e-01
817	1.032186e-14	4.796767e-12	3.065471e-01
818	1.050293e-14	4.628895e-12	3.065475e-01
819	1.050292e-14	4.755649e-12	3.065478e-01
820	1.050290e-14	4.913549e-12	3.065482e-01
821	1.050289e-14	5.157282e-12	3.065486e-01
822	1.050288e-14	5.118162e-12	3.065490e-01
823	1.050287e-14	5.116707e-12	3.065493e-01
824	1.050285e-14	5.050786e-12	3.065497e-01
825	1.050284e-14	5.137700e-12	3.065501e-01
826	1.086500e-14	5.172462e-12	3.065504e-01
827	1.086498e-14	5.269879e-12	3.065508e-01
828	1.086497e-14	5.123195e-12	3.065512e-01
829	1.068387e-14	5.117214e-12	3.065515e-01
830	1.068386e-14	5.215716e-12	3.065519e-01
831	1.068385e-14	4.961833e-12	3.065522e-01
832	1.068384e-14	4.961827e-12	3.065526e-01
833	1.086491e-14	5.031176e-12	3.065530e-01
834	1.086489e-14	4.936283e-12	3.065533e-01
835	1.068380e-14	5.136734e-12	3.065537e-01
836	1.068379e-14	4.931382e-12	3.065540e-01
837	1.050269e-14	4.683477e-12	3.065544e-01
838	1.050268e-14	4.708823e-12	3.065548e-01
839	1.032159e-14	4.904565e-12	3.065551e-01
840	1.014050e-14	4.750098e-12	3.065555e-01
841	9.959404e-15	4.790473e-12	3.065558e-01
842	1.032155e-14	4.782500e-12	3.065562e-01
843	1.014046e-14	4.807303e-12	3.065565e-01
844	9.959370e-15	4.900191e-12	3.065569e-01
845	9.959359e-15	4.679631e-12	3.065572e-01
846	9.959347e-15	4.831370e-12	3.065576e-01
847	9.778257e-15	4.883334e-12	3.065579e-01
848	9.778246e-15	4.689212e-12	3.065583e-01
849	9.959313e-15	4.428997e-12	3.065586e-01
850	9.778224e-15	4.608803e-12	3.065590e-01
851	9.778213e-15	4.949224e-12	3.065593e-01
852	9.959280e-15	5.126856e-12	3.065597e-01
853	9.959269e-15	5.145320e-12	3.065600e-01
854	1.032141e-14	4.964961e-12	3.065603e-01
855	1.032140e-14	4.873693e-12	3.065607e-01
856	1.032139e-14	4.745847e-12	3.065610e-01
857	1.032138e-14	4.783868e-12	3.065614e-01
858	1.050244e-14	4.777163e-12	3.065617e-01
859	1.050243e-14	4.843432e-12	3.065620e-01
860	1.068350e-14	4.687882e-12	3.065624e-01
861	1.068348e-14	4.715762e-12	3.065627e-01
862	1.050240e-14	4.919830e-12	3.065630e-01
863	1.050239e-14	5.251917e-12	3.065634e-01
864	1.050237e-14	5.251911e-12	3.065637e-01
865	1.032129e-14	5.160825e-12	3.065641e-01
866	1.032128e-14	5.178927e-12	3.065644e-01
867	1.050234e-14	5.095808e-12	3.065647e-01
868	1.068340e-14	5.031521e-12	3.065650e-01
869	1.086447e-14	5.066463e-12	3.065654e-01
870	1.104553e-14	4.870716e-12	3.065657e-01
871	1.086444e-14	4.816569e-12	3.065660e-01
872	1.086443e-14	4.866541e-12	3.065664e-01
873	1.104549e-14	4.573377e-12	3.065667e-01
874	1.104548e-14	4.563594e-12	3.065670e-01
875	1.122654e-14	4.683641e-12	3.065673e-01
876	1.104546e-14	4.741761e-12	3.065677e-01
877	1.122652e-14	4.879190e-12	3.065680e-01
878	1.140758e-14	4.828303e-12	3.065683e-01
879	1.158864e-14	4.655012e-12	3.065686e-01
880	1.140756e-14	4.758399e-12	3.065690e-01
881	1.140754e-14	4.759118e-12	3.065693e-01
882	1.140753e-14	4.611359e-12	3.065696e-01
883	1.158859e-14	4.603568e-12	3.065699e-01
884	1.158858e-14	4.616962e-12	3.065703e-01
885	1.140750e-14	4.867017e-12	3.065706e-01
886	1.104534e-14	4.791686e-12	3.065709e-01
887	1.086426e-14	4.905575e-12	3.065712e-01
888	1.068318e-14	4.945587e-12	3.065715e-01
889	1.068317e-14	4.984331e-12	3.065718e-01
890	1.068316e-14	5.058927e-12	3.065722e-01
891	1.050207e-14	5.171366e-12	3.065725e-01
892	1.032099e-14	5.288875e-12	3.065728e-01
893	1.032098e-14	4.973084e-12	3.065731e-01
894	1.032097e-14	4.863713e-12	3.065734e-01
895	1.032096e-14	4.824235e-12	3.065737e-01
896	1.032095e-14	4.684082e-12	3.065740e-01
897	1.032094e-14	4.609839e-12	3.065743e-01
898	1.013986e-14	4.733867e-12	3.065747e-01
899	1.032092e-14	4.784742e-12	3.065750e-01
900	1.032091e-14	4.827832e-12	3.065753e-01
901	1.032090e-14	4.895909e-12	3.065756e-01
902	1.013982e-14	4.988430e-12	3.065759e-01
903	9.958742e-15	5.071897e-12	3.065762e-01
904	9.958732e-15	5.080583e-12	3.065765e-01
905	1.013979e-14	4.915988e-12	3.065768e-01
906	1.050192e-14	4.818206e-12	3.065771e-01
907	1.032084e-14	4.995104e-12	3.065774e-01
908	1.032083e-14	5.252215e-12	3.065777e-01
909	1.050188e-14	4.992016e-12	3.065780e-01
910	1.032081e-14	5.068965e-12	3.065783e-01
911	1.013973e-14	5.193715e-12	3.065786e-01
912	9.958654e-15	5.045416e-12	3.065789e-01
913	9.958644e-15	5.013906e-12	3.065792e-01
914	9.958634e-15	5.087414e-12	3.065795e-01
915	1.013969e-14	4.852566e-12	3.065798e-01
916	1.032075e-14	4.978040e-12	3.065801e-01
917	1.032074e-14	4.989261e-12	3.065804e-01
918	1.013966e-14	5.123426e-12	3.065807e-01
919	1.013965e-14	5.216851e-12	3.065810e-01
920	1.013964e-14	5.446436e-12	3.065813e-01
921	9.958567e-15	5.588929e-12	3.065816e-01
922	1.013962e-14	5.391382e-12	3.065819e-01
923	1.013961e-14	5.312795e-12	3.065822e-01
924	1.032067e-14	5.412556e-12	3.065825e-01
925	1.032066e-14	5.349903e-12	3.065828e-01
926	1.032065e-14	5.496559e-12	3.065831e-01
927	1.032064e-14	5.454185e-12	3.065834e-01
928	1.032063e-14	5.166651e-12	3.065836e-01
929	1.050168e-14	5.290675e-12	3.065839e-01
930	1.068273e-14	5.342273e-12	3.065842e-01
931	1.050166e-14	5.551034e-12	3.065845e-01
932	1.032059e-14	5.377027e-12	3.065848e-01
933	1.032058e-14	5.364709e-12	3.065851e-01
934	1.050163e-14	5.289201e-12	3.065854e-01
935	1.068268e-14	5.268736e-12	3.065857e-01
936	1.068267e-14	5.394389e-12	3.065859e-01
937	1.086373e-14	5.359077e-12	3.065862e-01
938	1.086372e-14	5.199375e-12	3.065865e-01
939	1.086371e-14	5.295695e-12	3.065868e-01
940	1.086370e-14	5.259840e-12	3.065871e-01
941	1.104475e-14	5.047812e-12	3.065874e-01
942	1.086368e-14	4.959993e-12	3.065876e-01
943	1.068261e-14	4.899333e-12	3.065879e-01
944	1.050154e-14	5.113523e-12	3.065882e-01
945	1.050153e-14	5.082376e-12	3.065885e-01
946	1.050152e-14	5.001256e-12	3.065888e-01
947	1.068257e-14	5.039818e-12	3.065890e-01
948	1.068256e-14	4.971010e-12	3.065893e-01
949	1.068255e-14	4.913067e-12	3.065896e-01
950	1.068254e-14	4.958689e-12	3.065899e-01
951	1.068253e-14	4.804784e-12	3.065901e-01
952	1.068252e-14	4.864167e-12	3.065904e-01
953	1.068251e-14	4.783410e-12	3.065907e-01
954	1.086356e-14	4.554728e-12	3.065910e-01
955	1.068249e-14	4.516521e-12	3.065912e-01
956	1.068248e-14	4.611391e-12	3.065915e-01
957	1.086353e-14	4.757864e-12	3.065918e-01
958	1.104458e-14	4.849656e-12	3.065921e-01
959	1.086351e-14	4.756407e-12	3.065923e-01
960	1.104456e-14	4.694300e-12	3.065926e-01
961	1.104455e-14	4.855437e-12	3.065929e-01
962	1.086348e-14	5.037397e-12	3.065931e-01
963	1.104453e-14	5.014036e-12	3.065934e-01
964	1.086346e-14	4.905940e-12	3.065937e-01
965	1.068240e-14	5.181324e-12	3.065940e-01
966	1.086344e-14	5.172448e-12	3.065942e-01
967	1.068238e-14	5.300813e-12	3.065945e-01
968	1.068237e-14	5.593759e-12	3.065948e-01
969	1.086342e-14	5.684825e-12	3.065950e-01
970	1.086341e-14	5.555546e-12	3.065953e-01
971	1.122551e-14	5.535263e-12	3.065956e-01
972	1.122550e-14	5.559882e-12	3.065958e-01
973	1.104443e-14	5.542676e-12	3.065961e-01
974	1.086337e-14	5.745274e-12	3.065963e-01
975	1.086336e-14	6.036407e-12	3.065966e-01
976	1.068229e-14	5.891376e-12	3.065969e-01
977	1.068228e-14	5.875800e-12	3.065971e-01
978	1.086333e-14	5.791966e-12	3.065974e-01
979	1.086332e-14	5.790875e-12	3.065977e-01
980	1.104437e-14	6.001799e-12	3.065979e-01
981	1.104436e-14	6.161485e-12	3.065982e-01
982	1.086329e-14	5.984951e-12	3.065984e-01
983	1.086329e-14	5.907817e-12	3.065987e-01
984	1.086328e-14	5.602192e-12	3.065989e-01
985	1.086327e-14	5.460964e-12	3.065992e-01
986	1.068220e-14	5.485040e-12	3.065995e-01
987	1.068219e-14	5.654140e-12	3.065997e-01
988	1.086324e-14	5.556185e-12	3.066000e-01
989	1.104428e-14	5.500235e-12	3.066002e-01
990	1.140638e-14	5.774346e-12	3.066005e-01
991	1.158743e-14	5.533721e-12	3.066007e-01
992	1.158742e-14	5.766913e-12	3.066010e-01
993	1.176846e-14	5.959006e-12	3.066012e-01
994	1.158740e-14	5.945422e-12	3.066015e-01
995	1.158739e-14	5.912465e-12	3.066018e-01
996	1.158738e-14	6.026161e-12	3.066020e-01
997	1.176842e-14	6.061824e-12	3.066023e-01
998	1.158736e-14	5.774851e-12	3.066025e-01
999	1.140630e-14	5.642497e-12	3.066028e-01
1000	1.158734e-14	5.751304e-12	3.066030e-01
